3.449430650338891624e-02 8.912372936575478910e-01
9.907600024398151017e-01 9.509901920544785447e-01
7.361264670192441129e-01 1.841262720282573762e-01
3.457758255258568392e-01 3.920256399282249227e-01
2.905889644120476234e-01 7.125838141106599632e-01
5.524316989731647976e-01 1.473197758368339771e-01
5.743101075402103906e-01 1.685359373649334414e-01
3.417473359151994572e-01 9.969061862938366492e-01
5.820166794327873427e-01 1.204624018647941774e-01
6.955131998131026672e-01 6.839778589140679266e-01
2.366906328419630112e-01 5.654304780526570040e-01
5.750903667814902809e-01 4.452386125299825359e-01
8.849976951750126997e-01 4.291553730075857720e-01
1.549001865162541458e-01 8.070627898193442062e-01
2.264936194792234181e-01 8.536684336085085256e-01
7.738340206895436557e-01 6.614055897111451587e-01
8.888050303280807807e-01 1.642497912737873600e-01
2.898419032557464359e-01 4.431603646852931844e-01
4.281628760921365462e-01 2.637216208303428955e-01
8.427288590650637845e-01 7.784587053001004175e-01
4.830134581087771606e-01 1.996163077350814330e-01
6.901878210963519056e-01 1.170553207144270358e-01
1.450802168941405235e-01 6.856078868454510422e-01
1.230169530994212890e-01 3.870978827472308925e-01
6.028909991409300284e-01 5.287419078221049507e-01
2.121685401515944758e-01 5.086598199487502026e-02
3.659728745273345130e-01 3.152725148084715157e-01
9.950251140045639486e-01 3.766253012384306320e-01
3.591424315997623351e-01 7.812037212854667789e-01
5.061671649825132402e-01 8.796492436932769055e-01
9.177371835043244275e-01 8.469759087528369035e-01
5.674721384332125362e-01 7.653594390399689473e-01
1.078618744649235683e-01 3.500222005608932818e-02
8.704784690735238861e-01 7.269364852824100609e-01
5.340759885984474042e-01 4.237399710322228286e-01
7.052363382489371668e-01 8.071989252418786398e-01
5.205597920747127016e-01 4.975260031930794913e-01
8.412767818837639799e-01 4.299644923223849835e-01
9.197141121787381079e-01 9.676663505385375563e-01
8.273056907896089163e-01 7.410016275898857474e-01
9.181127449526780282e-01 5.979838397811727546e-01
7.973416838470860357e-01 2.973869872558891903e-01
1.233314614909002405e-01 8.961743520934717377e-01
2.802510609975757960e-01 7.154866492307569992e-01
1.967301148335742766e-01 8.170125300077255570e-01
2.984865025957161855e-02 5.552246835731911023e-01
8.324844660759234127e-02 7.810236715506391203e-02
2.677813246532182445e-01 1.852597421898715124e-01
1.894935560141244313e-01 3.693631745352953244e-01
1.079709834152702275e-01 6.315438836978742865e-01
6.389534399931741104e-01 1.571535309508298450e-01
8.489957397669373185e-01 8.968673747792631490e-01
8.142746837879761834e-01 4.827670152171592566e-01
2.834977386377934838e-01 8.940890562164297561e-01
9.391427207013567369e-01 4.938020395192440626e-01
3.664425204045289597e-01 2.015967049897379182e-01
6.458667103826231104e-01 9.549208077517565840e-01
8.363252956880450339e-01 4.426077393776807201e-01
4.551982479479739219e-01 2.520826238838587141e-01
6.179859544687005268e-01 8.433359815797469849e-02
8.347073714766821695e-01 3.672816232791873414e-01
1.585361591293329431e-01 2.243938774334435227e-01
8.125517914790345575e-01 1.747289201046359208e-01
6.560271254946313801e-01 7.166452007059886942e-02
6.174139597423267123e-02 7.803912565244602861e-01
3.266887986086598472e-01 7.154409769136069741e-01
3.613776305431237734e-01 7.666004063483125019e-01
7.970455079356024708e-01 5.221919044361897910e-01
3.992918906960207792e-02 9.386055635105740036e-01
7.151763633858110314e-01 6.996253105747977097e-01
7.418665609032805142e-01 7.369229182731984462e-01
4.209603809979801659e-01 2.973340978420433434e-01
3.557419214135062457e-01 1.658818854669935616e-01
1.191266804280566305e-01 8.331969362711942884e-01
2.066535509180372765e-01 5.334659675350450492e-02
6.019919849683524893e-01 4.083687505279958163e-01
3.544573849343252148e-01 5.888458709641740674e-01
3.987206396199771685e-01 6.637117596657855501e-01
1.703340486132510767e-01 8.145073271353033828e-01
9.307525530911182621e-01 8.851046250960701300e-01
3.025059240524567983e-01 7.803488611477347181e-01
2.163150837961012041e-01 8.204629341016810296e-01
1.975343132847166006e-01 8.142343199994329650e-01
9.717214439451835606e-01 2.365691061460896139e-01
4.034214595984720875e-01 2.417725214287069768e-01
7.077239113499628198e-01 3.722267958385938602e-02
9.420515904092919834e-01 9.657070358273331934e-01
3.396388061011543780e-01 8.976582289090306865e-01
9.086507197530399038e-01 4.193745097390021437e-01
2.277019259535461027e-01 2.607001435053268867e-01
9.254465983996992273e-01 8.902915721493505075e-01
2.255040748512333604e-01 2.596261953444131132e-01
5.875796860143015499e-01 4.254020753488496620e-01
4.340735904998885841e-01 8.058646470270880435e-03
4.780041087327480120e-02 3.355182262218485700e-01
6.130361609223289321e-02 1.840983708542131003e-01
1.642958356251723595e-01 2.195855139235503017e-01
9.184516826408979373e-01 8.769379917309028105e-01
5.997307604730003350e-01 9.447577521188422756e-01
2.440120182208924682e-01 1.333641754565948467e-01
